%YAML:1.0
---
destination_ip: "127.0.0.1"
destination_port: 5001
image_width: 1920
image_height: 1080
camera_matrix: !!opencv-matrix
   rows: 3
   cols: 3
   dt: d
   data: [ 6.9360026002209452e+02, 0., 9.9331594990465976e+02, 0.,
       7.0572782955014873e+02, 5.1591770845271822e+02, 0., 0., 1. ]
distortion_coefficients: !!opencv-matrix
   rows: 1
   cols: 5
   dt: d
   data: [ -2.8032318747208895e-01, 5.4162951205752111e-02,
       5.1591532419513935e-03, 1.3947941683970604e-03,
       -3.8690629906536636e-03 ]
