%YAML:1.0
---
image_width: 4032
image_height: 3024
camera_matrix: !!opencv-matrix
   rows: 3
   cols: 3
   dt: d
   data: [ 3.51345031e+03, 0.0, 2.01673677e+03,
      0.0, 3.51979427e+03, 1.51568708e+03,
      0.0, 0.0, 1.0 ]
distortion_coefficients: !!opencv-matrix
   rows: 1
   cols: 5
   dt: d
   data: [ 0.08826119, -0.10518171, -0.00088493, -0.00044087, -0.13671334 ]

# cameraMatrix
#  [[3.51345031e+03 0.00000000e+00 2.01673677e+03]
#  [0.00000000e+00 3.51979427e+03 1.51568708e+03]
#  [0.00000000e+00 0.00000000e+00 1.00000000e+00]]
# distCoeffs
#  [[ 0.08826119 -0.10518171 -0.00088493 -0.00044087 -0.13671334]]